$ 1 0.000005 10.20027730826997 45 5 50
a 48 80 144 80 8 12 -12 1000000 0 5 100000
a 368 96 480 96 8 12 -12 1000000 11.857624747752375 0 100000
153 -96 32 -16 32 0 2 0 5
153 -96 112 -16 112 0 2 5 5
w -16 32 -96 96 0
w -96 48 -16 112 0
w -16 32 48 64 0
w -16 112 48 96 0
w -96 16 -128 16 0
R -512 16 -640 -16 0 0 40 12 0 0 0.5
s -416 0 -512 16 0 1 true
s -416 112 -528 112 0 1 true
R -528 112 -656 80 0 0 40 12 0 0 0.5
w -96 128 -176 128 0
c 368 16 480 16 0 0.00001 23.85881049822715
d 176 48 224 48 2 default
d 224 112 176 112 2 default
r 224 48 288 48 0 2000
r 224 112 288 112 0 1000
g 368 112 368 160 0
w 144 80 176 48 0
w 144 80 176 112 0
w 288 112 368 80 0
w 288 48 368 80 0
w 368 80 368 16 0
w 480 96 480 16 0
w 480 96 560 96 0
a 560 -96 688 -96 8 12 -12 1000000 0 -12.001185750474777 100000
w 560 32 560 -80 0
R 512 -128 512 -160 0 0 40 0 0 0 0.5
w 512 -128 560 -112 0
r 688 -96 688 -64 0 1000
g 688 -64 688 -16 0
w 688 -96 688 -224 0
w 688 -224 -176 -224 0
w -176 -224 -176 -128 0
w -176 -128 -256 -128 0
r -256 -128 -256 -80 0 1000000
g -256 -80 -256 -48 0
c -80 -144 -64 -112 0 0.000001 -16.769487061470215
150 -256 128 -176 128 0 2 0 5
I -400 144 -352 144 0 0.5 5
I -352 144 -304 144 0 0.5 5
I -304 144 -256 144 0 0.5 5
w -416 112 -256 112 0
r 0 -48 0 -96 0 1000000
R -64 -96 -64 -128 0 0 40 12 0 0 0.5
w -96 -32 -64 -96 0
w -400 144 -416 112 0
w 64 -176 64 -32 0
w -400 32 -416 0 0
w -416 0 -256 0 0
I -304 32 -256 32 0 0.5 5
I -352 32 -304 32 0 0.5 5
I -400 32 -352 32 0 0.5 5
150 -256 16 -176 16 0 2 0 5
w -432 -96 -384 -96 0
w -384 -32 -416 0 0
d -368 -112 -528 -112 2 default
w -336 -80 -384 -32 0
w -176 -128 -128 16 0
R 672 96 672 32 0 0 40 12 0 0 0.5
w 800 -144 800 -80 0
a 624 224 720 224 8 12 -12 1000000 -1.1857149033282654e-8 0 100000
a 624 368 736 368 8 12 -12 1000000 1.1856911895044755e-8 0 100000
r 624 304 736 304 0 1000
r 624 352 560 352 0 1000
g 624 384 624 432 0
w 624 304 624 352 0
w 736 368 736 304 0
r 560 96 624 96 0 1000
r 672 96 624 96 0 1000
w 624 208 624 160 0
r 624 160 720 160 0 1000
w 720 160 720 224 0
g 624 240 624 272 0
w 720 224 720 272 0
w 720 272 560 272 0
w 560 272 560 352 0
w 736 368 864 368 0
r 864 368 864 432 0 220
r 864 432 864 512 0 1000
g 864 512 864 544 0
w 864 432 1024 432 0
w 560 96 560 32 0
w 624 160 624 96 0
o 83 64 0 4099 10 0.00009765625 0 2 83 3
